 0.0   -65.00      0.00    0.00    0.00    0.00
 0.1   -64.58      0.00   -0.62    0.01  -10.00
 0.2   -64.18      0.00   -0.65    0.01   -9.15
 0.3   -63.82      0.00   -0.67    0.02   -8.37
 0.4   -63.49      0.00   -0.70    0.02   -7.65
 0.5   -63.18      0.00   -0.72    0.02   -6.98
 0.6   -62.90      0.00   -0.75    0.02   -6.37
 0.7   -62.64      0.00   -0.77    0.03   -5.80
 0.8   -62.40      0.00   -0.79    0.03   -5.28
 0.9   -62.17      0.00   -0.81    0.03   -4.79
 1.0   -61.97      0.00   -0.83    0.03   -4.35
 1.1   -61.78      0.00   -0.85    0.03   -3.93
 1.2   -61.60      0.00   -0.87    0.03   -3.55
 1.3   -61.44      0.00   -0.88    0.04   -3.20
 1.4   -61.29      0.00   -0.90    0.04   -2.88
 1.5   -61.15      0.00   -0.91    0.04   -2.58
 1.6   -61.02      0.00   -0.93    0.04   -2.30
 1.7   -60.91      0.00   -0.94    0.04   -2.05
 1.8   -60.80      0.00   -0.95    0.04   -1.81
 1.9   -60.70      0.00   -0.96    0.04   -1.60
 2.0   -60.60      0.00   -0.97    0.04   -1.39
 2.1   -60.52      0.00   -0.98    0.04   -1.21
 2.2   -60.44      0.00   -0.99    0.04   -1.04
 2.3   -60.37      0.00   -1.00    0.04   -0.88
 2.4   -60.30      0.00   -1.01    0.04   -0.73
 2.5   -60.24      0.00   -1.01    0.05   -0.60
 2.6   -60.18      0.00   -1.02    0.05   -0.47
 2.7   -60.12      0.00   -1.03    0.05   -0.36
 2.8   -60.07      0.00   -1.03    0.05   -0.25
 2.9   -60.03      0.00   -1.04    0.05   -0.15
 3.0   -59.99      0.00   -1.04    0.05   -0.06
 3.1   -59.95      0.00   -1.05    0.05    0.03
 3.2   -59.91      0.00   -1.05    0.05    0.10
 3.3   -59.88      0.00   -1.06    0.05    0.18
 3.4   -59.85      0.00   -1.06    0.05    0.24
 3.5   -59.82      0.00   -1.06    0.05    0.30
 3.6   -59.79      0.00   -1.07    0.05    0.36
 3.7   -59.77      0.00   -1.07    0.05    0.41
 3.8   -59.75      0.00   -1.07    0.05    0.46
 3.9   -59.73      0.00   -1.07    0.05    0.51
 4.0   -59.71      0.00   -1.08    0.05    0.55
 4.1   -59.69      0.00   -1.08    0.05    0.59
 4.2   -59.67      0.00   -1.08    0.05    0.62
 4.3   -59.66      0.00   -1.08    0.05    0.65
 4.4   -59.64      0.00   -1.08    0.05    0.68
 4.5   -59.63      0.00   -1.09    0.05    0.71
 4.6   -59.62      0.00   -1.09    0.05    0.74
 4.7   -59.61      0.00   -1.09    0.05    0.76
 4.8   -59.60      0.00   -1.09    0.05    0.78
 4.9   -59.59      0.00   -1.09    0.05    0.80
 5.0   -59.58      0.00   -1.09    0.05    0.82
 5.1   -59.57      0.00   -1.09    0.05    0.84
 5.2   -57.56    -50.00   -1.09    0.05    0.86
 5.3   -55.71    -50.00   -1.35    0.06    4.87
 5.4   -53.99    -50.00   -1.64    0.07    8.58
 5.5   -52.39    -50.00   -1.97    0.09   12.02
 5.6   -50.91    -50.00   -2.33    0.10   15.21
 5.7   -49.54    -50.00   -2.72    0.13   18.17
 5.8   -48.25    -50.00   -3.14    0.15   20.93
 5.9   -47.06    -50.00   -3.59    0.18   23.49
 6.0   -45.94    -50.00   -4.07    0.22   25.88
 6.1   -44.89    -50.00   -4.57    0.25   28.12
 6.2   -43.91    -50.00   -5.10    0.29   30.22
 6.3   -42.98    -50.00   -5.65    0.34   32.18
 6.4   -42.11    -50.00   -6.22    0.39   34.04
 6.5   -41.29    -50.00   -6.81    0.44   35.78
 6.6   -40.51    -50.00   -7.42    0.50   37.43
 6.7   -39.77    -50.00   -8.04    0.56   38.99
 6.8   -39.06    -50.00   -8.68    0.62   40.47
 6.9   -38.39    -50.00   -9.33    0.69   41.87
 7.0   -37.75    -50.00  -10.00    0.76   43.21
 7.1   -37.14    -50.00  -10.69    0.84   44.50
 7.2   -36.55    -50.00  -11.38    0.92   45.73
 7.3   -35.98    -50.00  -12.09    1.00   46.90
 7.4   -35.43    -50.00  -12.82    1.08   48.04
 7.5   -34.90    -50.00  -13.56    1.18   49.14
 7.6   -34.39    -50.00  -14.31    1.27   50.20
 7.7   -33.89    -50.00  -15.08    1.37   51.22
 7.8   -33.40    -50.00  -15.87    1.47   52.22
 7.9   -32.93    -50.00  -16.67    1.58   53.20
 8.0   -32.46    -50.00  -17.50    1.69   54.15
 8.1   -32.00    -50.00  -18.35    1.80   55.08
 8.2   -31.55    -50.00  -19.22    1.92   56.00
 8.3   -31.10    -50.00  -20.11    2.04   56.90
 8.4   -30.66    -50.00  -21.04    2.17   57.80
 8.5   -30.22    -50.00  -22.00    2.31   58.68
 8.6   -29.78    -50.00  -22.99    2.45   59.56
 8.7   -29.34    -50.00  -24.02    2.60   60.44
 8.8   -28.90    -50.00  -25.10    2.76   61.32
 8.9   -28.46    -50.00  -26.23    2.92   62.20
 9.0   -28.01    -50.00  -27.41    3.09   63.09
 9.1   -27.55    -50.00  -28.66    3.27   63.99
 9.2   -27.09    -50.00  -29.98    3.46   64.90
 9.3   -26.61    -50.00  -31.38    3.67   65.83
 9.4   -26.12    -50.00  -32.89    3.88   66.78
 9.5   -25.62    -50.00  -34.50    4.12   67.76
 9.6   -25.09    -50.00  -36.24    4.37   68.77
 9.7   -24.55    -50.00  -38.13    4.64   69.82
 9.8   -23.97    -50.00  -40.20    4.93   70.91
 9.9   -23.36    -50.00  -42.49    5.25   72.06
10.0   -22.72    -50.00  -45.03    5.60   73.27
10.1   -22.02    -50.00  -47.88    6.00   74.56
10.2   -21.28    -50.00  -51.12    6.44   75.95
10.3   -20.46    -50.00  -54.83    6.93   77.45
10.4   -19.55    -50.00  -59.16    7.50   79.09
10.5   -18.55    -50.00  -64.27    8.16   80.89
10.6   -17.40    -50.00  -70.41    8.93   82.91
10.7   -16.09    -50.00  -77.94    9.87   85.19
10.8   -14.55    -50.00  -87.39   11.02   87.82
10.9   -12.70    -50.00  -99.56   12.47   90.91
11.0   -10.43    -50.00 -115.69   14.38   94.60
11.1    -7.57    -50.00 -137.70   17.00   99.14
11.2    -3.86    -50.00 -168.47   20.81  104.87
11.3     1.04    -50.00 -211.43   26.79  112.29
11.4     7.37    -50.00 -267.36   36.96  122.08
11.5    14.78    -50.00 -325.09   55.23  134.74
11.6    21.74    -50.00 -359.90   86.31  149.55
11.7    26.57    -50.00 -364.55  130.18  163.48
11.8    28.73    -50.00 -357.38  180.33  173.15
11.9    28.58    -50.00 -352.41  228.78  177.46
12.0    26.81    -50.00 -352.79  269.78  177.15
12.1    24.11    -50.00 -356.88  300.80  173.62
12.2    20.99    -50.00 -361.83  321.70  168.22
12.3    17.77    -50.00 -365.03  333.56  161.97
12.4    14.62    -50.00 -364.61  337.78  155.53
12.5    11.60    -50.00 -359.52  335.76  149.24
12.6     8.70    -50.00 -349.34  328.68  143.20
12.7     5.86    -50.00 -334.00  317.54  137.39
12.8     3.01    -50.00 -313.49  303.07  131.72
12.9     0.04    -50.00 -287.71  285.81  126.02
13.0    -3.15    -50.00 -256.46  266.16  120.09
13.1    -6.68    -50.00 -219.74  244.39  113.70
13.2   -10.64    -50.00 -178.49  220.78  106.63
13.3   -15.00    -50.00 -135.57  195.75   98.72
13.4   -19.56    -50.00  -95.89  170.05   90.01
13.5   -24.02    -50.00  -64.22  144.83   80.87
13.6   -28.06    -50.00  -42.28  121.36   71.96
13.7   -31.50    -50.00  -28.50  100.57   63.87
13.8   -34.29    -50.00  -20.21   82.86   57.00
13.9   -36.46    -50.00  -15.24   68.14   51.43
14.0   -38.10    -50.00  -12.20   56.09   47.08
14.1   -39.29    -50.00  -10.31   46.28   43.80
14.2   -40.12    -50.00   -9.12   38.33   41.42
14.3   -40.65    -50.00   -8.37   31.87   39.77
14.4   -40.94    -50.00   -7.93   26.62   38.71
14.5   -41.05    -50.00   -7.69   22.34   38.12
14.6   -41.02    -50.00   -7.60   18.83   37.89
14.7   -40.87    -50.00   -7.63   15.95   37.96
14.8   -40.63    -50.00   -7.75   13.58   38.26
14.9   -40.33    -50.00   -7.94   11.62   38.73
15.0   -39.98    -50.00   -8.19    9.99   39.34
15.1   -39.58    -50.00   -8.50    8.64   40.05
15.2   -39.16    -50.00   -8.85    7.52   40.83
15.3   -38.72    -50.00   -9.24    6.58   41.67
15.4   -38.27    -50.00   -9.67    5.80   42.55
15.5   -37.81    -50.00  -10.13    5.16   43.46
15.6   -37.35    -50.00  -10.62    4.62   44.38
15.7   -36.88    -50.00  -11.14    4.17   45.31
15.8   -36.41    -50.00  -11.69    3.80   46.24
15.9   -35.95    -50.00  -12.26    3.50   47.17
16.0   -35.49    -50.00  -12.86    3.26   48.10
16.1   -35.03    -50.00  -13.48    3.06   49.02
16.2   -34.58    -50.00  -14.12    2.90   49.93
16.3   -34.14    -50.00  -14.79    2.78   50.83
16.4   -33.69    -50.00  -15.47    2.70   51.73
16.5   -33.26    -50.00  -16.19    2.64   52.61
16.6   -32.82    -50.00  -16.92    2.60   53.49
16.7   -32.39    -50.00  -17.68    2.59   54.35
16.8   -31.97    -50.00  -18.47    2.60   55.21
16.9   -31.54    -50.00  -19.28    2.62   56.06
17.0   -31.12    -50.00  -20.12    2.66   56.91
17.1   -30.70    -50.00  -21.00    2.72   57.76
17.2   -30.28    -50.00  -21.90    2.79   58.60
17.3   -29.86    -50.00  -22.85    2.87   59.44
17.4   -29.44    -50.00  -23.83    2.97   60.28
17.5   -29.01    -50.00  -24.86    3.07   61.13
17.6   -28.58    -50.00  -25.94    3.19   61.98
17.7   -28.14    -50.00  -27.08    3.33   62.84
17.8   -27.70    -50.00  -28.28    3.47   63.72
17.9   -27.25    -50.00  -29.54    3.63   64.60
18.0   -26.78    -50.00  -30.89    3.81   65.51
18.1   -26.31    -50.00  -32.33    4.00   66.43
18.2   -25.82    -50.00  -33.88    4.20   67.39
18.3   -25.31    -50.00  -35.54    4.43   68.37
18.4   -24.77    -50.00  -37.35    4.67   69.39
18.5   -24.22    -50.00  -39.32    4.94   70.45
18.6   -23.63    -50.00  -41.49    5.23   71.57
18.7   -23.01    -50.00  -43.90    5.56   72.74
18.8   -22.34    -50.00  -46.59    5.92   73.99
18.9   -21.62    -50.00  -49.63    6.33   75.32
19.0   -20.84    -50.00  -53.10    6.79   76.76
19.1   -19.98    -50.00  -57.12    7.32   78.33
19.2   -19.02    -50.00  -61.83    7.92   80.04
19.3   -17.95    -50.00  -67.44    8.63   81.95
19.4   -16.72    -50.00  -74.26    9.48   84.10
19.5   -15.30    -50.00  -82.73   10.52   86.56
19.6   -13.61    -50.00  -93.49   11.81   89.41
19.7   -11.55    -50.00 -107.57   13.48   92.79
19.8    -9.00    -50.00 -126.51   15.72   96.89
19.9    -5.72    -50.00 -152.74   18.89  102.01
20.0    -1.43    -50.00 -189.56   23.68  108.55
20.1     4.21    -50.00 -239.76   31.52  117.14
20.2    11.23    -50.00 -299.20   45.36  128.43
20.3    18.64    -50.00 -347.71   69.98  142.46
20.4    24.62    -50.00 -365.16  108.32  157.28
20.5    28.03    -50.00 -361.02  156.54  169.25
20.6    28.89    -50.00 -354.11  206.68  176.07
20.7    27.79    -50.00 -352.01  251.67  177.78
20.8    25.45    -50.00 -354.68  287.51  175.58
20.9    22.48    -50.00 -359.58  313.07  170.91
21.0    19.27    -50.00 -363.88  329.01  164.96
21.1    16.08    -50.00 -365.34  336.64  158.55
21.2    13.00    -50.00 -362.53  337.39  152.16
21.3    10.05    -50.00 -354.77  332.56  146.00
21.4     7.19    -50.00 -341.85  323.22  140.10
21.5     4.36    -50.00 -323.77  310.23  134.38
21.6     1.46    -50.00 -300.49  294.23  128.71
21.7    -1.61    -50.00 -271.84  275.67  122.92
21.8    -4.97    -50.00 -237.66  254.87  116.78
21.9    -8.72    -50.00 -198.32  232.09  110.06
22.0   -12.91    -50.00 -155.69  207.65  102.55
22.1   -17.41    -50.00 -113.80  182.15   94.19
22.2   -21.96    -50.00  -77.92  156.55   85.19
22.3   -26.23    -50.00  -51.44  132.11   76.08
22.4   -29.96    -50.00  -34.14  109.97   67.54
22.5   -33.06    -50.00  -23.58   90.80   60.07
22.6   -35.51    -50.00  -17.27   74.71   53.89
22.7   -37.39    -50.00  -13.45   61.45   48.98
22.8   -38.78    -50.00  -11.09   50.64   45.22
22.9   -39.77    -50.00   -9.61   41.86   42.44
23.0   -40.43    -50.00   -8.68   34.74   40.47
23.1   -40.83    -50.00   -8.11   28.96   39.14
23.2   -41.02    -50.00   -7.78   24.24   38.34
23.3   -41.05    -50.00   -7.62   20.39   37.96
23.4   -40.95    -50.00   -7.60   17.24   37.90
23.5   -40.75    -50.00   -7.68   14.64   38.10
23.6   -40.48    -50.00   -7.84   12.49   38.49
23.7   -40.15    -50.00   -8.06   10.72   39.04
23.8   -39.77    -50.00   -8.35    9.25   39.71
23.9   -39.36    -50.00   -8.68    8.02   40.46
24.0   -38.93    -50.00   -9.05    7.00   41.27
24.1   -38.49    -50.00   -9.46    6.15   42.14
24.2   -38.03    -50.00   -9.91    5.45   43.03
24.3   -37.56    -50.00  -10.39    4.86   43.94
24.4   -37.10    -50.00  -10.89    4.37   44.87
24.5   -36.63    -50.00  -11.43    3.97   45.80
24.6   -36.17    -50.00  -11.99    3.64   46.74
24.7   -35.71    -50.00  -12.57    3.36   47.66
24.8   -35.25    -50.00  -13.18    3.15   48.59
24.9   -34.79    -50.00  -13.81    2.97   49.50
25.0   -34.35    -50.00  -14.47    2.84   50.41
25.1   -33.90    -50.00  -15.15    2.74   51.31
25.2   -33.46    -50.00  -15.85    2.66   52.20
25.3   -33.03    -50.00  -16.57    2.62   53.08
25.4   -32.60    -50.00  -17.32    2.59   53.95
25.5   -32.17    -50.00  -18.09    2.59   54.81
25.6   -31.74    -50.00  -18.89    2.61   55.66
25.7   -31.32    -50.00  -19.72    2.64   56.51
25.8   -30.90    -50.00  -20.58    2.69   57.36
25.9   -30.48    -50.00  -21.47    2.75   58.20
26.0   -30.06    -50.00  -22.40    2.83   59.04
26.1   -29.63    -50.00  -23.37    2.92   59.89
26.2   -29.21    -50.00  -24.37    3.02   60.73
26.3   -28.78    -50.00  -25.43    3.14   61.58
26.4   -28.35    -50.00  -26.54    3.26   62.44
26.5   -27.91    -50.00  -27.71    3.40   63.30
26.6   -27.46    -50.00  -28.94    3.56   64.18
26.7   -27.00    -50.00  -30.25    3.72   65.08
26.8   -26.53    -50.00  -31.64    3.91   66.00
26.9   -26.05    -50.00  -33.14    4.10   66.94
27.0   -25.55    -50.00  -34.74    4.32   67.90
27.1   -25.03    -50.00  -36.48    4.55   68.90
27.2   -24.48    -50.00  -38.37    4.81   69.95
27.3   -23.91    -50.00  -40.45    5.09   71.04
27.4   -23.30    -50.00  -42.74    5.40   72.18
27.5   -22.66    -50.00  -45.29    5.75   73.39
27.6   -21.96    -50.00  -48.15    6.13   74.69
27.7   -21.21    -50.00  -51.41    6.57   76.07
27.8   -20.39    -50.00  -55.15    7.06   77.57
27.9   -19.49    -50.00  -59.51    7.63   79.22
28.0   -18.47    -50.00  -64.67    8.28   81.03
28.1   -17.32    -50.00  -70.88    9.06   83.06
28.2   -15.99    -50.00  -78.51   10.00   85.36
28.3   -14.44    -50.00  -88.09   11.16   88.01
28.4   -12.57    -50.00 -100.46   12.64   91.12
28.5   -10.27    -50.00 -116.87   14.57   94.86
28.6    -7.37    -50.00 -139.32   17.25   99.45
28.7    -3.60    -50.00 -170.71   21.16  105.26
28.8     1.38    -50.00 -214.47   27.31  112.81
28.9     7.79    -50.00 -270.99   37.83  122.75
29.0    15.22    -50.00 -328.05   56.75  135.59
29.1    22.09    -50.00 -360.91   88.67  150.44
29.2    26.77    -50.00 -364.25  133.13  164.19
29.3    28.77    -50.00 -356.96  183.38  173.54
29.4    28.50    -50.00 -352.30  231.49  177.54
29.5    26.66    -50.00 -352.97  271.93  177.01
29.6    23.93    -50.00 -357.19  302.32  173.33
29.7    20.79    -50.00 -362.10  322.64  167.85
29.8    17.57    -50.00 -365.12  334.00  161.58
29.9    14.43    -50.00 -364.44  337.81  155.14
30.0    11.42    -50.00 -359.05  335.45  148.86
30.1     8.53    -50.00 -348.56  328.11  142.84
30.2     5.69    -50.00 -332.91  316.75  137.05
30.3     2.83    -50.00 -312.09  302.10  131.38
30.4    -0.14    -50.00 -285.99  284.69  125.67
30.5    -3.35    -50.00 -254.41  264.91  119.72
30.6    -6.91    -50.00 -217.38  243.02  113.30
30.7   -10.89    -50.00 -175.93  219.31  106.19
30.8   -15.26    -50.00 -133.06  194.22   98.22
30.9   -19.83    -50.00  -93.74  168.52   89.47
31.0   -24.28    -50.00  -62.65  143.37   80.33
31.1   -28.29    -50.00  -41.26  120.03   71.45
31.2   -31.68    -50.00  -27.88   99.43   63.43
31.3   -34.43    -50.00  -19.84   81.90   56.63
31.4   -36.57    -50.00  -15.01   67.36   51.14
31.5   -38.18    -50.00  -12.06   55.45   46.86
31.6   -39.35    -50.00  -10.22   45.76   43.64
31.7   -40.15    -50.00   -9.06   37.91   41.30
31.8   -40.67    -50.00   -8.34   31.53   39.69
31.9   -40.95    -50.00   -7.91   26.34   38.66
32.0   -41.05    -50.00   -7.68   22.11   38.09
32.1   -41.01    -50.00   -7.60   18.64   37.89
32.2   -40.86    -50.00   -7.63   15.80   37.98
32.3   -40.62    -50.00   -7.76   13.45   38.29
32.4   -40.31    -50.00   -7.95   11.51   38.77
32.5   -39.95    -50.00   -8.21    9.90   39.38
32.6   -39.56    -50.00   -8.52    8.57   40.09
32.7   -39.14    -50.00   -8.87    7.46   40.88
32.8   -38.70    -50.00   -9.26    6.53   41.73
32.9   -38.24    -50.00   -9.69    5.76   42.61
33.0   -37.78    -50.00  -10.16    5.12   43.51
33.1   -37.32    -50.00  -10.65    4.59   44.43
33.2   -36.85    -50.00  -11.17    4.15   45.36
33.3   -36.39    -50.00  -11.72    3.78   46.30
33.4   -35.92    -50.00  -12.30    3.48   47.23
33.5   -35.46    -50.00  -12.89    3.24   48.16
33.6   -35.01    -50.00  -13.51    3.05   49.07
33.7   -34.56    -50.00  -14.16    2.90   49.99
33.8   -34.11    -50.00  -14.83    2.78   50.89
33.9   -33.67    -50.00  -15.52    2.69   51.78
34.0   -33.23    -50.00  -16.23    2.64   52.66
34.1   -32.80    -50.00  -16.97    2.60   53.54
34.2   -32.37    -50.00  -17.73    2.59   54.40
34.3   -31.94    -50.00  -18.52    2.60   55.26
34.4   -31.52    -50.00  -19.33    2.62   56.12
34.5   -31.10    -50.00  -20.17    2.67   56.96
34.6   -30.68    -50.00  -21.05    2.72   57.81
34.7   -30.26    -50.00  -21.96    2.79   58.65
34.8   -29.83    -50.00  -22.91    2.88   59.49
34.9   -29.41    -50.00  -23.89    2.97   60.33
35.0   -28.98    -50.00  -24.93    3.08   61.18
35.1   -28.55    -50.00  -26.01    3.20   62.03
35.2   -28.12    -50.00  -27.15    3.34   62.90
35.3   -27.67    -50.00  -28.35    3.48   63.77
35.4   -27.22    -50.00  -29.62    3.64   64.66
35.5   -26.75    -50.00  -30.98    3.82   65.56
35.6   -26.28    -50.00  -32.42    4.01   66.49
35.7   -25.79    -50.00  -33.97    4.21   67.44
35.8   -25.27    -50.00  -35.65    4.44   68.43
35.9   -24.74    -50.00  -37.46    4.69   69.45
36.0   -24.18    -50.00  -39.45    4.96   70.52
36.1   -23.59    -50.00  -41.63    5.25   71.64
36.2   -22.97    -50.00  -44.05    5.58   72.81
36.3   -22.30    -50.00  -46.76    5.95   74.07
36.4   -21.57    -50.00  -49.83    6.36   75.41
36.5   -20.79    -50.00  -53.33    6.82   76.85
36.6   -19.92    -50.00  -57.38    7.35   78.42
36.7   -18.96    -50.00  -62.14    7.96   80.15
36.8   -17.88    -50.00  -67.81    8.68   82.07
36.9   -16.64    -50.00  -74.72    9.54   84.24
37.0   -15.20    -50.00  -83.30   10.59   86.71
37.1   -13.49    -50.00  -94.23   11.90   89.59
37.2   -11.42    -50.00 -108.54   13.59   93.01
37.3    -8.82    -50.00 -127.85   15.88   97.17
37.4    -5.50    -50.00 -154.61   19.12  102.35
37.5    -1.13    -50.00 -192.18   24.04  109.00
37.6     4.60    -50.00 -243.18   32.14  117.74
37.7    11.68    -50.00 -302.70   46.48  129.20
37.8    19.06    -50.00 -349.69   71.90  143.36
37.9    24.90    -50.00 -365.30  111.01  158.12
38.0    28.15    -50.00 -360.55  159.57  169.81
38.1    28.87    -50.00 -353.83  209.57  176.30
38.2    27.68    -50.00 -352.06  254.10  177.74
38.3    25.29    -50.00 -354.94  289.33  175.36
38.4    22.29    -50.00 -359.88  314.29  170.58
38.5    19.08    -50.00 -364.07  329.69  164.58
38.6    15.89    -50.00 -365.31  336.87  158.16
38.7    12.82    -50.00 -362.21  337.25  151.79
38.8     9.87    -50.00 -354.14  332.12  145.64
38.9     7.02    -50.00 -340.91  322.54  139.75
39.0     4.18    -50.00 -322.53  309.36  134.04
39.1     1.28    -50.00 -298.93  293.19  128.37
39.2    -1.80    -50.00 -269.95  274.49  122.56
39.3    -5.18    -50.00 -235.43  253.56  116.39
39.4    -8.96    -50.00 -195.83  230.66  109.63
39.5   -13.17    -50.00 -153.11  206.14  102.07
39.6   -17.68    -50.00 -111.43  180.60   93.66
39.7   -22.23    -50.00  -76.05  155.04   84.64
39.8   -26.47    -50.00  -50.16  130.70   75.55
39.9   -30.17    -50.00  -33.34  108.74   67.06
40.0   -33.22    -50.00  -23.11   89.75   59.66
40.1   -37.64      0.00  -16.98   73.84   53.56
40.2   -41.30      0.00  -10.81   57.70   44.73
40.3   -44.29      0.00   -7.41   44.69   37.40
40.4   -46.70      0.00   -5.43   34.39   31.42
40.5   -48.65      0.00   -4.22   26.35   26.59
40.6   -50.23      0.00   -3.44   20.12   22.69
40.7   -51.51      0.00   -2.92   15.33   19.54
40.8   -52.55      0.00   -2.55   11.66   16.99
40.9   -53.41      0.00   -2.29    8.85   14.90
41.0   -54.12      0.00   -2.09    6.72   13.18
41.1   -54.72      0.00   -1.94    5.09   11.76
41.2   -55.22      0.00   -1.82    3.86   10.57
41.3   -55.65      0.00   -1.73    2.93    9.56
41.4   -56.02      0.00   -1.65    2.22    8.70
41.5   -56.34      0.00   -1.59    1.69    7.96
41.6   -56.63      0.00   -1.54    1.28    7.31
41.7   -56.88      0.00   -1.49    0.98    6.75
41.8   -57.10      0.00   -1.45    0.75    6.25
41.9   -57.30      0.00   -1.42    0.58    5.80
42.0   -57.48      0.00   -1.39    0.45    5.41
42.1   -57.64      0.00   -1.36    0.35    5.05
42.2   -57.78      0.00   -1.34    0.28    4.73
42.3   -57.92      0.00   -1.32    0.23    4.43
42.4   -58.04      0.00   -1.30    0.19    4.17
42.5   -58.15      0.00   -1.29    0.15    3.92
42.6   -58.25      0.00   -1.27    0.13    3.70
42.7   -58.35      0.00   -1.26    0.11    3.49
42.8   -58.43      0.00   -1.24    0.10    3.31
42.9   -58.51      0.00   -1.23    0.09    3.13
43.0   -58.59      0.00   -1.22    0.08    2.97
43.1   -58.65      0.00   -1.21    0.08    2.83
43.2   -58.72      0.00   -1.20    0.07    2.69
43.3   -58.77      0.00   -1.20    0.07    2.57
43.4   -58.83      0.00   -1.19    0.07    2.45
43.5   -58.88      0.00   -1.18    0.06    2.35
43.6   -58.92      0.00   -1.18    0.06    2.25
43.7   -58.96      0.00   -1.17    0.06    2.16
43.8   -59.00      0.00   -1.17    0.06    2.07
43.9   -59.04      0.00   -1.16    0.06    2.00
44.0   -59.07      0.00   -1.16    0.06    1.92
44.1   -59.10      0.00   -1.15    0.06    1.86
44.2   -59.13      0.00   -1.15    0.06    1.80
44.3   -59.16      0.00   -1.15    0.06    1.74
44.4   -59.18      0.00   -1.14    0.06    1.69
44.5   -59.20      0.00   -1.14    0.06    1.64
44.6   -59.22      0.00   -1.14    0.06    1.60
44.7   -59.24      0.00   -1.13    0.06    1.55
44.8   -59.26      0.00   -1.13    0.06    1.52
44.9   -59.28      0.00   -1.13    0.06    1.48
45.0   -59.29      0.00   -1.13    0.06    1.45
45.1   -59.30      0.00   -1.13    0.05    1.42
45.2   -59.32      0.00   -1.12    0.05    1.39
45.3   -59.33      0.00   -1.12    0.05    1.37
45.4   -59.34      0.00   -1.12    0.05    1.34
45.5   -59.35      0.00   -1.12    0.05    1.32
45.6   -59.36      0.00   -1.12    0.05    1.30
45.7   -59.37      0.00   -1.12    0.05    1.28
45.8   -59.38      0.00   -1.12    0.05    1.26
45.9   -59.38      0.00   -1.12    0.05    1.25
46.0   -59.39      0.00   -1.12    0.05    1.23
46.1   -59.40      0.00   -1.11    0.05    1.22
46.2   -59.40      0.00   -1.11    0.05    1.21
46.3   -59.41      0.00   -1.11    0.05    1.19
46.4   -59.41      0.00   -1.11    0.05    1.18
46.5   -59.42      0.00   -1.11    0.05    1.17
46.6   -59.42      0.00   -1.11    0.05    1.16
46.7   -59.43      0.00   -1.11    0.05    1.16
46.8   -59.43      0.00   -1.11    0.05    1.15
46.9   -59.43      0.00   -1.11    0.05    1.14
47.0   -59.44      0.00   -1.11    0.05    1.13
47.1   -59.44      0.00   -1.11    0.05    1.13
47.2   -59.44      0.00   -1.11    0.05    1.12
47.3   -59.44      0.00   -1.11    0.05    1.12
47.4   -59.45      0.00   -1.11    0.05    1.11
47.5   -59.45      0.00   -1.11    0.05    1.11
47.6   -59.45      0.00   -1.11    0.05    1.10
47.7   -59.45      0.00   -1.11    0.05    1.10
47.8   -59.45      0.00   -1.11    0.05    1.10
47.9   -59.46      0.00   -1.11    0.05    1.09
48.0   -59.46      0.00   -1.11    0.05    1.09
48.1   -59.46      0.00   -1.11    0.05    1.09
48.2   -59.46      0.00   -1.11    0.05    1.08
48.3   -59.46      0.00   -1.11    0.05    1.08
48.4   -59.46      0.00   -1.11    0.05    1.08
48.5   -59.46      0.00   -1.11    0.05    1.08
48.6   -59.46      0.00   -1.11    0.05    1.08
48.7   -59.46      0.00   -1.11    0.05    1.07
48.8   -59.46      0.00   -1.11    0.05    1.07
48.9   -59.47      0.00   -1.11    0.05    1.07
49.0   -59.47      0.00   -1.11    0.05    1.07
49.1   -59.47      0.00   -1.11    0.05    1.07
49.2   -59.47      0.00   -1.11    0.05    1.07
49.3   -59.47      0.00   -1.11    0.05    1.07
49.4   -59.47      0.00   -1.11    0.05    1.06
49.5   -59.47      0.00   -1.11    0.05    1.06
49.6   -59.47      0.00   -1.11    0.05    1.06
49.7   -59.47      0.00   -1.11    0.05    1.06
49.8   -59.47      0.00   -1.11    0.05    1.06
49.9   -59.47      0.00   -1.11    0.05    1.06
